pm (mean of MCMC samples):
[ 4.4233  0.8717 -3.4849 -0.6807 -2.1784 -5.5907 -0.0821  5.5304 -1.5439
  2.7378 -1.0101  2.2689 -2.1909  6.2209  0.4549]

pv (variance of MCMC samples):
[ 9.107  10.6638 45.0614 33.6091 35.9741 11.3076 38.8439  7.3221 17.3129
 37.204  28.9738 21.3669 45.1019 13.0004 29.4512]

ps (std dev of MCMC samples):
[3.0178 3.2655 6.7128 5.7973 5.9978 3.3627 6.2325 2.7059 4.1609 6.0995
 5.3827 4.6224 6.7158 3.6056 5.4269]

qm (mean of true samples):
[ 4.4458  0.8203 -3.2186 -0.3833 -2.1028 -5.7295 -0.4209  5.5454 -1.2972
  3.1075 -1.3438  2.169  -1.9416  6.3856  0.2241]

qv (variance of true samples):
[ 9.4453 11.1135 45.9798 34.0723 38.3651 11.3376 37.9809  7.7703 17.0831
 36.9034 28.8663 22.8986 46.2924 12.7631 30.2534]

qs (std dev of true samples):
[3.0733 3.3337 6.7808 5.8371 6.194  3.3671 6.1629 2.7875 4.1332 6.0748
 5.3727 4.7852 6.8039 3.5726 5.5003]
