pm (mean of MCMC samples):
[-1.0426 -3.8913 -4.4054 -1.2474  0.4145 -0.1684  2.2768  0.7975 -3.7301
 -4.2926 -2.4037  1.7508 -0.1215  0.4461  1.9148]

pv (variance of MCMC samples):
[25.4737 42.7337 39.1541 49.0559 12.4254 29.8927 54.2895 19.7895 18.8109
 18.0244 20.1797 11.453  19.4101 42.5315 16.1394]

ps (std dev of MCMC samples):
[5.0471 6.5371 6.2573 7.004  3.525  5.4674 7.3681 4.4485 4.3371 4.2455
 4.4922 3.3842 4.4057 6.5216 4.0174]

qm (mean of true samples):
[-0.9422 -4.4217 -4.7479 -0.9247  0.0064 -0.4174  1.8787  1.2285 -3.7273
 -4.226  -2.7424  1.9581 -0.2962  0.5228  2.1515]

qv (variance of true samples):
[26.1381 43.0787 37.8064 51.7223 11.0142 31.8779 56.4997 20.0112 21.0858
 19.3876 20.4758 12.7592 18.5835 40.8052 17.857 ]

qs (std dev of true samples):
[5.1125 6.5634 6.1487 7.1918 3.3188 5.6461 7.5166 4.4734 4.5919 4.4031
 4.525  3.572  4.3109 6.3879 4.2258]
