pm (mean of MCMC samples):
[ 7.2602  0.0888 -1.1988 -5.4338 -3.2726  1.0732 -9.4844  1.7533  5.1969
 -1.6206  3.0645  9.225   1.1824 -0.9663 -2.7863]

pv (variance of MCMC samples):
[ 4.6851 40.0578 29.5924 16.7752  5.8261  9.8162  5.9995 65.4776  6.2375
  9.7922 27.6902  5.5594 18.8607 12.5749  9.4103]

ps (std dev of MCMC samples):
[2.1645 6.3291 5.4399 4.0958 2.4137 3.1331 2.4494 8.0918 2.4975 3.1293
 5.2621 2.3578 4.3429 3.5461 3.0676]

qm (mean of true samples):
[ 7.3166  0.2395 -1.2457 -5.4851 -3.295   1.0988 -9.465   1.8741  5.2102
 -1.5165  3.1632  9.3243  1.1932 -0.9636 -2.7765]

qv (variance of true samples):
[ 4.8148 40.2133 30.2877 16.4063  6.0284 10.0259  5.9643 65.5012  6.7023
  9.6513 27.2563  5.5479 19.159  12.6021  9.391 ]

qs (std dev of true samples):
[2.1943 6.3414 5.5034 4.0505 2.4553 3.1664 2.4422 8.0933 2.5889 3.1067
 5.2208 2.3554 4.3771 3.5499 3.0645]
