pm (mean of MCMC samples):
[-0.4646  1.3351  3.0971 -1.3909  4.1377  3.6255  3.6165 -1.6536  3.8593
 -2.1117  3.6341 -0.4813 -1.5113 -3.157  -3.472 ]

pv (variance of MCMC samples):
[37.1298 41.2717 14.3789 49.957  34.7482 11.5658 53.6384 28.0437 39.2019
 28.521  51.232  44.5835 42.4409 32.7711 36.2374]

ps (std dev of MCMC samples):
[6.0934 6.4243 3.7919 7.068  5.8948 3.4008 7.3238 5.2956 6.2611 5.3405
 7.1577 6.6771 6.5147 5.7246 6.0197]

qm (mean of true samples):
[-0.415   1.3705  3.1595 -1.4305  4.0538  3.5667  3.5286 -1.6863  3.8741
 -2.0498  3.4843 -0.6415 -1.6604 -3.1472 -3.6622]

qv (variance of true samples):
[37.4893 41.6071 14.6156 50.2014 35.3483 11.979  55.2245 28.8534 38.6023
 28.2706 52.9264 45.6477 42.7454 33.4081 36.8671]

qs (std dev of true samples):
[6.1229 6.4504 3.823  7.0853 5.9454 3.4611 7.4313 5.3715 6.2131 5.317
 7.2751 6.7563 6.538  5.78   6.0718]
