pm (mean of MCMC samples):
[ 1.8921 -0.8026 -1.0628 -2.1086 -1.4337  1.9625 -1.1524 -0.7031  0.6492
 -0.7362  0.5846 -1.2229  1.7429  0.5119 -1.5153]

pv (variance of MCMC samples):
[45.1777 25.2059 15.7262 35.9172 24.3302 34.1317 26.3335 37.1062 17.9271
 27.2231 51.5854 37.5228 39.7538 13.7981 31.0735]

ps (std dev of MCMC samples):
[6.7214 5.0205 3.9656 5.9931 4.9326 5.8422 5.1316 6.0915 4.234  5.2176
 7.1823 6.1256 6.3051 3.7146 5.5744]

qm (mean of true samples):
[ 1.3221 -1.3774 -0.7351 -2.0575 -1.2986  1.6705 -0.913  -0.1667  0.6311
 -0.8187  0.0575 -0.811   0.9608  0.404  -1.061 ]

qv (variance of true samples):
[44.88   22.9456 15.7234 37.052  24.1943 34.6163 26.8164 33.0206 17.2929
 26.8661 55.6587 35.266  40.754  13.7659 30.179 ]

qs (std dev of true samples):
[6.6993 4.7902 3.9653 6.087  4.9188 5.8836 5.1785 5.7464 4.1585 5.1833
 7.4605 5.9385 6.3839 3.7102 5.4935]
